1
2 30
10 5
0 1 3 5 7 9 11 13 15 20 99
4 13 15 19 20 25 30

4
2 30
10 5
0 1 3 5 7 9 11 13 15 20 99
4 13 15 19 20 25 30
2 30
10 1
0 5 10 12 14 20 25 30
2 4 6 8 10 12 14 22 25 28 29
3 50
10 50 100
0 10 30 40
0 20 30
0 20 50
1 1
2
0 2 4 6 8 10



3 59
57 53 4
82
4 7 11 12 14 15 16 18 19 24 28 29 30 34 36 37 38 39 40 41 42 44 50 52 54 59 61 62 63 65 66 69 70 72 75 76 79 80 83 90 92 93 95 96 97 98 99
0 1 4 6 9 11 12 16 22 24 28 30 37 38 42 44 48 55 57 60 63 65 66 69 71 73 81 82 83 89 90 93 98

deberia dar 524 y me da 1031 este ultimo.